sqrt(2) = 1.4142135
sqrt2 * sqrt2 = 1.9999999 (should be equal to 2)
gamma(1) = 0.9999999890649025
gamma(2) = 0.9999999890649025
gamma(3) = 1.9999999781298048
gamma(10) = 362879.99765201553
ln(gamma(10000)) = 82099.71749644236
