sqrt(2) = 1.4142135
sqrt2 * sqrt2 = 1.9999999 (should be equal to 2)
gamma(1) = 0.9999999890649026
gamma(2) = 0.9999999890649026
gamma(3) = 1.9999999781298052
gamma(10) = 362879.99765201553
